    16    15    32    47
    82    16    28    47
   147    16    26    47
   210    15    28    48
   274    15    39    48
   338    15    45    48


    12    78    32    48
    75    80    31    46
   148    78    22    48
   199    78    38    48
   256    78    44    48
   325    78    39    48


    16   142    32    48
    82   142    28    48
   146   144    27    46
   212   143    27    47
   276   142    41    48
   339   142    45    48


    21   206    31    48
    86   208    31    46
   147   206    25    48
   211   206    38    48
   276   206    44    48
   340   206    39    48
