    16    14    32    47
    80    14    31    48
   144    15    31    48
   208    14    31    48
   272    14    32    47
   337    14    31    48
   401    15    31    48
   465    14    31    48


    19    79    25    47
    84    78    24    47
   148    78    25    47
   211    78    27    48
   275    79    29    47
   340    78    27    48
   404    78    26    48
   468    78    25    48


    16   142    32    48
    80   142    32    49
   145   143    30    48
   209   142    30    49
   272   142    32    48
   336   142    32    49
   401   143    30    48
   465   142    30    49


    20   207    25    47
    84   206    24    47
   147   206    25    47
   210   206    27    48
   272   207    29    47
   337   206    27    48
   402   206    26    48
   467   206    25    48