    77    73    46    53
   265    74    45    53
   451    74    46    53
   650    73    45    54
   840    71    54    56
  1042    73    62    54


    74   265    45    53
   269   267    31    51
   461   265    39    53
   632   265    56    53
   820   265    56    53
  1012   265    56    53


    80   456    47    54
   265   456    45    54
   450   458    46    52
   643   457    54    53
   843   456    66    63
  1043   456    62    59


    73   649    45    53
   276   651    31    51
   460   649    39    53
   656   649    56    53
   852   649    56    53
  1044   649    56    53

