    13     8    46    53
    77     8    46    54
   140     9    46    54
   205     8    46    54
   269     8    46    53
   333     8    46    54
   397     9    46    54
   461     8    46    54


    14    74    46    52
    79    73    46    52
   139    73    45    52
   200    73    46    53
   261    74    43    52
   330    73    46    53
   399    73    46    53
   464    73    46    53


    16   136    47    54
    80   136    47    55
   145   137    45    54
   209   136    46    55
   272   136    47    54
   336   136    47    55
   399   137    47    54
   464   136    47    55


     4   202    46    52
    67   201    46    52
   136   201    45    52
   202   201    46    53
   272   202    43    52
   328   201    46    53
   387   201    46    53
   450   201    46    53